         1       319       317       160       235       313
         2       197        59        23       121       113
         3       108       276       140       291       209
         4       178       191       319       376       161
         5        71       194        28       125       362
         6       291       213       147       276       363
         7       208       304       338       181       316
         8        48        11       354       165        65
         9       171        66        45       315        99
        10       346        43        61        19       344
        11       357       354       213       279       192
        12       102        11       348       204       312
        13       121       365       268       227        14
        14       341       371       260       335        32
        15       351       111       303       243        63
        16       178       313       268       154       133
        17       336       353       155       120       183
        18        51       180       129       273       210
        19       145       247       295       250         7
        20       273       312        42         6       291
        21        66       150       315       369        99
        22       295        26       250       272       175
        23       314       227       365       149       320
        24       123        78       170       210        33
        25       166       241       355       100       361
        26        10       328       323       175        43
        27       116        50        92       296       326
        28       371       203       152       347       179
        29        38       350       323       124       340
        30       150       321       123       270       369
        31       196       172        64       133        16
        32       356       185        62       128       359
        33        45        60       176       207       246
        34        88        52       289       103       193
        35       185       236       101       239       131
        36       321        81        39       342        84
        37       355       238       166       334       109
        38       107       124       251        26       286
        39       198       297       369       345        21
        40       115        49       172       257        31
        41       212       266        80       221       143
        42        54       252       255        84       210
        43       196        64        16       346        94
        44       248       258       239       380        80
        45       207       174       360       216       378
        46        85       343       223       103        25
        47       224       278        76       206        89
        48       165        11       231       333        77
        49       257       382       181       292        88
        50       296       122       155       228        35
        51       129       243       381       249       351
        52       325       151       272       127        88
        53       269       377       299       108       254
        54       255        18        33       180       176
        55       307        43       124       317        64
        56        28       248       371         5       326
        57       254       131       324        72        93
        58        55       317       278       307         4
        59       113       137       335       194        44
        60       360       192       117       312        45
        61       298       301        19        97       346
        62       158       153       366       194       105
        63        81       330        84       219        30
        64       358       133         1        58       304
        65       114       242        77       336       332
        66       315       201       171       150        99
        67       349       145       238        22       164
        68        71        27       362       116       371
        69        78        51       318       192       129
        70       109       274       256       148       217
        71       362       224        14       230        27
        72       318        15       300       303       117
        73       313       205       245        49       212
        74        53       254       377       269        72
        75        96       330        63        24       363
        76       154       266        94       346       205
        77       153       146       242       105       303
        78        33       327        51        45       123
        79       280       331       214        61        73
        80       143        29        32       350         2
        81        84       219       372       309        39
        82       220       157         7       265       142
        83       267       359        57       293       228
        84       309       372       384       111       219
        85       103       337        91       217        34
        86       149       105       320       194        87
        87       306        74        53       366       260
        88       103       379       217       289        91
        89       125       308       278       191       137
        90        72        87       318       306        74
        91       106       343       244       305       220
        92        47       218       224       258       194
        93       144        53        74       225       254
        94       346       253       362       266       230
        95       299       269       132       296       108
        96        24       170        78       237        30
        97       187       226       364       148       163
        98       356       131        57        62       359
        99       252       123       372       210       264
       100        85        46       103        91       337
       101       239       275       290       128       143
       102       204       165         8        11       135
       103       217       271        91       244       343
       104       119        55       286       307        89
       105       339       120        87        95       177
       106       157       109       148       142       355
       107       251       286       215       214       124
       108        90       375       291        20        87
       109       148       166       190       157       274
       110        64        58       317       205        55
       111       132       294       384        12       146
       112       305       244       208       181       373
       113       335       194         5        27        28
       114        83       189       287       267       359
       115       172        31        19       316        49
       116        92       326        86       218       287
       117       285       324       288       189       126
       118       142       163        70        82       139
       119        89        38       308       125       107
       120        95       296       269       228       155
       121        14       362       203       197       260
       122        35        93        53       236       144
       123       210       330       252        96       138
       124        26       346       175       328        10
       125       137       350       308        56        13
       126       129        69        15        78       249
       127       337       262         7       247       322
       128       302       202        44       191       185
       129       351       249       243       381        15
       130       367        46       277       223       109
       131       173       320       353        74       202
       132       146       147       135        20       303
       133       182       304       250       338        40
       134        41        80       143       245       215
       135       240       294       312        95        12
       136        40        88       271       220       115
       137        29        56         5       350       113
       138       243        75        69       213        20
       139       100       310        46       316        85
       140       209       306        98       260       366
       141       198       261       174       176        39
       142        70       274       109       148       217
       143        32         2       185       128       356
       144       324       225       168       189       200
       145       295       307       175       124       250
       146       303       177       195       135       120
       147        48       276       165        77       219
       148       190       274       379       217       256
       149       320       173       158       105        74
       150       369        99       321       252        54
       151        31       211       196       310       289
       152       275       374       128       134       344
       153       105       366        87       120       339
       154       205       110        94       221       212
       155       116        86       326        92       287
       156        12        60       102       360       342
       157       142        70       220       223       355
       158       194       197        59        86       368
       159       102         8       165       240       204
       160       104       119        55       376        16
       161        89        58       308       125       259
       162       327       381       186       234         9
       163        82       187       220       352       256
       164       298       160       376       373       214
       165       231       333       237        96        77
       166       355       238       241       334       277
       167       231        75        90       333       366
       168       209       363       285       366        57
       169       331       235       259       272        73
       170        30       270       150       321       279
       171        99        45       252       207       174
       172        97        19       364        61       226
       173       202       353        44       332       128
       174       378       186       216       176       162
       175       107       323       251       281       232
       176       384       246       273       249       156
       177        15       300       135       204       303
       178       376       268       253       154       340
       179       101       267       275       239        83
       180       273       246       309       138        20
       181       280       322       305       214       364
       182       250       338        79        19       127
       183        57       168        98       363       254
       184       152       221       374       311       275
       185       131       359        93       173       320
       186       345       176       141       246       198
       187       112       208       148       305       244
       188         5       362       137        71       230
       189         3         8       108       140        48
       190        37       379       355       289       301
       191       161       259       380        58       329
       192       282       117       288       159       285
       193        67       160       164       349       151
       194       368       125       350        23       137
       195        63       237        75       330        81
       196        16        61       154       133        64
       197        23        14       341       371       314
       198       345       261        42       264       297
       199        10        79        61       280        43
       200        17       120       135       353        95
       201       162       378       381       327       186
       202        44       302       248       218       353
       203       152        14       374        56       275
       204       135       200       240        17       336
       205       221       212       245       266       311
       206       365        76       101       266       227
       207       216       360       156       342       174
       208       181       338        79       280        19
       209        98       366       359       356       333
       210         6       138       180       291       330
       211       310       352       115       172       226
       212       266       191        13       245         4
       213       363       210        96       167        24
       214       169       272       235       175       376
       215       344       370       199       283       169
       216       342       156        12       348       270
       217       361        25       271       343       166
       218       161       258        89       302        80
       219       195       111       237        75         6
       220         7       265       112       304       208
       221       370       311       110       328       206
       222       341       197        62       284       158
       223       262       265        82       247       349
       224       206        76        94        68       278
       225       159       200       114        17       120
       226       163       256       148       187        82
       227        35       128       236       314       302
       228       225       159       114       287       155
       229       139       310       136       100       118
       230        76       253       344       199       154
       231        96       237       285       279        24
       232       329       311       358       290       283
       233        86       149       153       296       263
       234       255        33        51       381       369
       235       245       259       134         4       175
       236        83       228       267       225       101
       237       170       279        30        36       270
       238       334       241       355       100       163
       239       290       184       326        47       152
       240       132        95        20       299       146
       241       100       334       211        85       163
       242       332       336       284       183       383
       243       180       318        69       273       117
       244       220       136       106        40       265
       245         4       319       382       259       178
       246        60       312       360       282       192
       247         7       250       187       208       325
       248       239       326        28       290       293
       249       162       381       186       342       327
       250       325       127       292         1       272
       251       169       215       340       331       268
       252       372       264       210       360       354
       253       199       215        79        61       154
       254        72       339       318        17       144
       255        33       174        51       176        45
       256       229       118       139       136       142
       257       292       181       272        22         1
       258       380        80       302       202       323
       259       380       329       317        29       134
       260       377       314       347       371       299
       261       264       345        36        21       207
       262       349       247       337       277       265
       263        65       383       114        62       242
       264        36       207       321        84       216
       265       139       127       316       100       112
       266        13       268       365       121       191
       267       140       347       260       306       263
       268       340       119       230       374        38
       269       108        90       375       240       144
       270         9       327       201       171        36
       271       229       244       310       256       139
       272       175       235         1       322       107
       273        42       309       210       246       111
       274       256       217       118       271       361
       275       143        41       128       212         2
       276        65        77       114       242         8
       277        91        85       244       223       343
       278       188        94         5       346       362
       279       342        36       219       348        81
       280       214       364       164       190       169
       281       283       188       184       344        38
       282       288       159       375       117       102
       283       184        56       221       152       203
       284        59        44       383       248       137
       285       300       126       183        15       129
       286       214       124       164       175       169
       287       293       284        28       179       353
       288       375       144       240       138        20
       289       193       211        52       382        67
       290        47       218       258       206       224
       291       147       276        48       213         8
       292       322        22       272        34         1
       293        28       179       203       263       371
       294        12       312        11       156       348
       295       175        26       250       107        10
       296       155       228        86       116       122
       297        21       369        66       150       234
       298        16       301       376        97       313
       299       233       263        86       383        50
       300       183       204        15       200       168
       301        97       187       164       364       226
       302       308       191        41       368        92
       303       167       195        75        90       231
       304        40       316       182        52       127
       305       373        37        67        34       277
       306       222       260        74       366       209
       307       151       193        43       211       124
       308       368        92        13       149        23
       309       111       384       132        20       156
       310       115       352       316       226       172
       311       110       290        64       283        47
       312       282       156       159       240       117
       313       133        49       182       154       257
       314       122        68        93        35        71
       315       201       378       162       171       216
       316        52       127       211       325       262
       317         4       104       286       178       191
       318       117       288       375        15       324
       319       382       160       313       257       317
       320        74       227       314       122        53
       321        39        81       219       198        84
       322       305        34        91        22       289
       323       232       281       311        38       188
       324       189       168         3         8       209
       325       272       292         1        22       358
       326       287       236        83       293       228
       327       234         9        66        51       171
       328       232       182       329       338       250
       329       358       317        58       311       110
       330        18        30        51       150        96
       331        73       257       205       292       313
       332       383       284        62       287       356
       333        77       242       332       146       336
       334       163       118        82       352       142
       335        27       233         5        71       194
       336       183        98       353       332        57
       337       322       277        34       305        91
       338        79        19       250       280       145
       339       177        17        15       120        87
       340       374       230       121        13       134
       341       267        32       179       260       140
       342       270       348       201         9       126
       343       130       106       367       109       157
       344       283       362       370       203        56
       345        42        84       141        54       309
       346       344       281       253       188       283
       347       263       293       377       299        65
       348       126       249        69       129       237
       349       238       352       247       226       334
       350       340         2       230       197        38
       351       111        63       294       243       303
       352       226       172       148       256       115
       353       332       155       383        98       284
       354       279       219       342         6       195
       355       277       130        91        85       109
       356       222       284        62        44       341
       357       213       192       363         6       117
       358         1       317       319         4       182
       359        93        57        53       254       324
       360       357        24       123       192       170
       361       343       271       106       130       229
       362       230       203       224       253        76
       363       167         3        90       276       231
       364       190       164       373       187        37
       365       227        68        35        27        71
       366       333        90       242        77        74
       367        46       223       262        85       265
       368        23       149        13       314       125
       369        18        54        51       180       255
       370       328        73       313       232       182
       371       335       347        71       263       233
       372       354         6       279       264       291
       373        22        67       295       190       145
       374       134       215       199        80       344
       375       138        20       291       273        75
       376       251       286       253        61       199
       377       299        50       296       233       314
       378       216       186       156       345       176
       379       289       301        97       193        37
       380        29       323        80       329        38
       381        39       186       297       198       369
       382        34       160       257        88       301
       383        62       113       287       153       158
       384       249       156       312       294       186
